File entropy: 4.337753048907081

Shannon-Fano encoding: 

Symbol      Probability              Word    Length
--------  -------------  ----------------  --------
            0.170617                  000         3
e           0.10071                   001         3
t           0.0676432                0100         4
a           0.0601504                0101         4
o           0.0581211                0110         4
n           0.0569503                0111         4
i           0.053308                 1000         4
s           0.0526056                1001         4
r           0.0478445                1010         4
h           0.0460754               10110         5
d           0.0378021               10111         5
l           0.0339777               11000         5
c           0.0246377               11001         5
u           0.0222182               11010         5
m           0.0206051              110110         6
f           0.0195905              110111         6
g           0.0162604              111000         6
w           0.0153498              111001         6
p           0.014127               111010         6
y           0.0135026              111011         6
b           0.0114473             1111000         7
,           0.00993834            1111001         7
v           0.00710253            1111010         7
.           0.00634805            1111011         7
k           0.00434477           11111000         8
T           0.00265369           11111001         8
I           0.00200328          111110100         9
-           0.00169108          111110101         9
x           0.00166506          111110110         9
A           0.00143091         1111101110        10
;           0.0014049          1111101111        10
q           0.00130083          111111000         9
            0.00117075         1111110010        10
’           0.0010927          1111110011        10
O           0.00104066         1111110100        10
W           0.00101465         1111110101        10
C           0.000780498        1111110110        10
P           0.000728465       11111101110        11
L           0.000676432       11111101111        11
H           0.000676432       11111110000        11
B           0.000572365       11111110001        11
S           0.000546349       11111110010        11
z           0.000546349       11111110011        11
j           0.000494315       11111110100        11
M           0.000468299       11111110101        11
2           0.000442282       11111110110        11
”           0.000442282       11111110111        11
R           0.000442282       11111111000        11
N           0.000442282       11111111001        11
“           0.000442282       11111111010        11
—           0.000338216      111111110110        12
E           0.000312199      111111110111        12
G           0.000286183      111111111000        12
1           0.000286183      111111111001        12
D           0.000234149      111111111010        12
F           0.000208133      111111111011        12
9           0.000182116      111111111100        12
U           0.0001561       1111111111010        13
:           0.000104066     1111111111011        13
3           7.80498e-05    11111111111000        14
V           5.20332e-05    11111111111001        14
0           5.20332e-05   111111111110100        15
J           5.20332e-05   111111111110101        15
?           5.20332e-05    11111111111011        14
8           5.20332e-05    11111111111100        14
5           5.20332e-05    11111111111101        14
7           5.20332e-05    11111111111110        14
–           2.60166e-05  1111111111111100        16
6           2.60166e-05  1111111111111101        16
Y           2.60166e-05   111111111111111        15

 Average length: 9.414285714285715


 Huffman encoding: 

Symbol      Probability             Word    Length
--------  -------------  ---------------  --------
“           0.000442282      01100001111        11
Y           2.60166e-05  011000011101000        15
e           0.10071                  001         3
p           0.014127              011010         6
l           0.0339777              10101         5
—           0.000338216     110010110101        12
N           0.000442282      01101101000        11
u           0.0222182              00000         5
f           0.0195905             110011         6
T           0.00265369         110010111         9
”           0.000442282      01101101011        11
F           0.000208133     011011010100        12
y           0.0135026             011001         6
v           0.00710253           0110111         7
t           0.0676432               1011         4
            0.170617                 111         3
R           0.000442282      01101101001        11
j           0.000494315      01101101110        11
i           0.053308                0101         4
9           0.000182116    1100101101001        13
S           0.000546349      11001010011        11
8           5.20332e-05   01100001110001        14
J           5.20332e-05   01100001110110        14
W           0.00101465        1100100010        10
d           0.0378021              11000         5
;           0.0014049          011000001         9
G           0.000286183     110010101010        12
2           0.000442282      01101101100        11
:           0.000104066    0110110111100        13
.           0.00634805           0110001         7
r           0.0478445               0001         4
c           0.0246377              00001         5
M           0.000468299      01101101101        11
A           0.00143091         011000010         9
’           0.0010927         1100101000        10
D           0.000234149     011011010101        12
7           5.20332e-05   01100001110111        14
B           0.000572365      11001010100        11
n           0.0569503               0111         4
h           0.0460754              11011         5
z           0.000546349      11001010010        11
C           0.000780498       0110000110        10
a           0.0601504               1001         4
w           0.0153498             101000         6
I           0.00200328         110010000         9
o           0.0581211               1000         4
b           0.0114473            1101011         7
P           0.000728465       0110000001        10
x           0.00166506         011011000         9
q           0.00130083        1100101100        10
–           2.60166e-05  011000011101001        15
H           0.000676432       0110000000        10
g           0.0162604             101001         6
U           0.0001561      1100101101000        13
5           5.20332e-05   01100001110010        14
,           0.00993834           1101010         7
3           7.80498e-05   01101101111011        14
?           5.20332e-05   01100001110011        14
O           0.00104066        1100100011        10
1           0.000286183     011011011111        12
0           5.20332e-05   01100001110101        14
E           0.000312199     110010101011        12
6           2.60166e-05   01100001110000        14
V           5.20332e-05   01101101111010        14
k           0.00434477          11001001         8
-           0.00169108         011011001         9
L           0.000676432      11001011011        11
s           0.0526056               0100         4
            0.00117075        1100101011        10
m           0.0206051             110100         6

 Average length: 9.32857142857143

